salto     | VMAF normal | VMAF linea | diferencia
0.0014    |    80.01    |    80.01   |   +0.00 
0.0032    |    95.51    |    95.51   |   +0.00 
0.0042    |    46.78    |    59.83   |  +13.05 
0.0067    |    49.71    |    49.71   |   +0.00 
0.0079    |    84.58    |    93.74   |   +9.16 
0.0091    |    43.92    |    58.29   |  +14.38 
0.0309    |    27.23    |    41.66   |  +14.43 
0.0475    |    16.83    |    27.04   |  +10.21 
0.0544    |     8.27    |    20.02   |  +11.76 
0.0560    |    37.24    |    18.88   |  -18.36 <-- pierde
0.0578    |     3.50    |    11.13   |   +7.63 
0.0694    |    27.47    |    36.13   |   +8.66 
0.0707    |    10.36    |    19.16   |   +8.80 
0.0719    |     4.01    |    17.82   |  +13.80 
0.0731    |    15.40    |    25.84   |  +10.44 
0.0762    |    13.56    |    39.49   |  +25.94 
0.0797    |    17.94    |    35.90   |  +17.96 
0.0818    |     9.01    |    12.82   |   +3.80 
0.0839    |     9.04    |    28.35   |  +19.31 
0.0864    |     0.16    |     9.16   |   +9.00 
0.0873    |     3.81    |    33.83   |  +30.02 
0.0876    |    18.84    |    17.15   |   -1.69 <-- pierde
0.0885    |    14.58    |    26.00   |  +11.42 
0.0891    |    15.63    |    16.31   |   +0.68 
0.0909    |    20.57    |     6.66   |  -13.91 <-- pierde
0.0918    |    30.56    |    18.51   |  -12.05 <-- pierde
0.0919    |    23.42    |    42.10   |  +18.67 
0.0938    |    30.56    |    17.33   |  -13.23 <-- pierde
0.0947    |    22.96    |    29.69   |   +6.73 
0.0976    |    12.49    |    22.44   |   +9.95 
0.0978    |     0.00    |     0.00   |   +0.00 
0.0982    |    26.67    |    22.41   |   -4.26 <-- pierde
0.0988    |    15.00    |    37.93   |  +22.93 
0.0995    |    15.63    |    13.14   |   -2.49 <-- pierde
0.1002    |     9.39    |    19.14   |   +9.75 
0.1015    |    17.62    |    18.31   |   +0.69 
0.1017    |    14.30    |    19.18   |   +4.88 
0.1020    |    11.34    |    24.06   |  +12.72 
0.1030    |    33.68    |     9.33   |  -24.35 <-- pierde
0.1036    |    12.72    |    24.00   |  +11.28 
0.1065    |    28.73    |    25.33   |   -3.39 <-- pierde
0.1100    |    12.24    |    12.59   |   +0.35 
0.1148    |    19.11    |    13.60   |   -5.52 <-- pierde
0.1173    |    20.35    |    17.96   |   -2.39 <-- pierde
0.1206    |     6.77    |     0.52   |   -6.26 <-- pierde
0.1223    |    20.01    |    16.94   |   -3.07 <-- pierde
0.1234    |    10.82    |     9.03   |   -1.79 <-- pierde
0.1239    |    15.68    |    16.96   |   +1.28 
0.1265    |    18.62    |    27.45   |   +8.83 
0.1276    |    14.57    |    11.04   |   -3.53 <-- pierde
0.1300    |    12.89    |    16.82   |   +3.92 
0.1308    |     3.42    |     5.85   |   +2.43 
0.1330    |    12.71    |    11.67   |   -1.05 <-- pierde
0.1335    |    15.80    |     9.02   |   -6.78 <-- pierde
0.1343    |     7.21    |     5.24   |   -1.96 <-- pierde
0.1359    |     0.00    |     0.00   |   +0.00 
0.1383    |    16.67    |    69.69   |  +53.01 
0.1394    |    22.38    |    14.78   |   -7.60 <-- pierde
0.1404    |    10.13    |     6.01   |   -4.12 <-- pierde
0.1412    |    12.49    |    36.69   |  +24.20 
0.1439    |    21.09    |    22.60   |   +1.51 
0.1458    |    21.19    |    28.24   |   +7.05 
0.1505    |    17.86    |    53.70   |  +35.84 
0.1645    |     8.34    |     3.79   |   -4.55 <-- pierde
0.1681    |     8.46    |     0.00   |   -8.46 <-- pierde
0.1715    |    24.40    |    33.45   |   +9.05 
0.1800    |    12.78    |    13.02   |   +0.24 

umbral candidato -> VMAF medio si se usa linea de tiempo solo con salto menor al umbral:
  0.02   20.621   (linea de tiempo en 6 de 67 frames)
  0.03   20.621   (linea de tiempo en 6 de 67 frames)
  0.04   20.836   (linea de tiempo en 7 de 67 frames)
  0.05   20.989   (linea de tiempo en 8 de 67 frames)
  0.06   21.004   (linea de tiempo en 11 de 67 frames)
  0.08   22.282   (linea de tiempo en 17 de 67 frames)
  0.10   23.549   (linea de tiempo en 34 de 67 frames)
  0.15   24.595   (linea de tiempo en 62 de 67 frames)
  sin    25.074   (linea de tiempo en 67 de 67 frames)
